\DATE= 'Sat Sep 29 20:20:53 2007'
\APERNAME= 'LL1'
\BUNIT= 'e/s/pix'
\CAL_SET= 'irs_2007_02_12-pb-pfc-trim-omeg-lhbiasfork.cal'
\SOFTWARE= 'CUBISM'
\SOFT_VER= 'v1.50pre3 (March-2007)'
\FILENAME= 'll1.tbl'
\ COMMENT This file contains a spectral extraction created from
\ COMMENT an IRS spectral mapping dataset.
\ Extraction Rectangle:
\ # Box: 12:37:44.369,+11:48:43.59 ; 12:37:45.282,+11:49:10.97
\ #      12:37:42.796,+11:49:28.84 ; 12:37:41.883,+11:49:01.47
|   WAVELENGTH    |      FLUX       | FLUX_UNCERTAINTY |
|      real       |      real       |       real       |
|       um        |     e/s/pix     |     e/s/pix      |
         20.52005          5.358029         0.08369222
         20.69658          6.059792         0.08387870
         20.87322          5.890345         0.06836141
         21.04995          5.697572         0.05872749
         21.22679          6.104657         0.06425706
         21.40373          5.825335         0.06107581
         21.58078          5.971017         0.05008547
         21.75792          6.050457         0.05798432
         21.93517          6.260074         0.05592955
         22.11252          5.983642         0.04285004
         22.28998          5.831841         0.03732732
         22.46754          6.179205         0.04131890
         22.64520          6.362724         0.04464076
         22.82297          6.271337         0.03708893
         23.00084          6.338509         0.03663237
         23.17881          6.740937         0.04459677
         23.35689          6.487412         0.04722930
         23.53507          6.581481         0.04014372
         23.71336          6.586257         0.03765560
         23.89176          6.508361         0.03980166
         24.07026          6.514612         0.04164503
         24.24886          6.699489         0.04328453
         24.42757          6.711972         0.05058452
         24.60638          6.660905         0.04653588
         24.78531          6.763838         0.04441667
         24.96433          6.759797         0.04977727
         25.14346          6.874649         0.04439427
         25.32270          7.084177         0.04991640
         25.50205          6.922378         0.04453396
         25.68150          7.005533         0.04248250
         25.86106          7.580550         0.04667736
         26.04073          8.926956          0.2235731
         26.22051          8.755910          0.4148386
         26.40039          7.516817          0.2388721
         26.58038          7.312336         0.04302626
         26.76048          7.508989         0.04168237
         26.94068          7.622225         0.04401244
         27.12100          7.803863         0.04414054
         27.30142          7.811188         0.07873061
         27.48195          7.812968         0.03756414
         27.66259          7.895494         0.03689167
         27.84334          8.059091         0.03880810
         28.02420          8.315799         0.04823123
         28.20517          8.657388         0.04459564
         28.38625          8.981444         0.04203492
         28.56744          8.581622         0.03925282
         28.74874          8.487659         0.04381540
         28.93015          8.655457         0.03972593
         29.11167          8.764481         0.05798268
         29.29330          8.890695         0.04875849
         29.47504          9.120589         0.04720065
         29.65689          9.075105         0.04748416
         29.83886          9.126784         0.04528288
         30.02094          9.279376         0.04379368
         30.20312          9.370513         0.04363742
         30.38542          9.819694         0.05076628
         30.56783          9.899642          0.1709283
         30.75036          10.20044         0.05445591
         30.93299          10.12694         0.05573975
         31.11574          10.37618         0.05728175
         31.29861          10.32568         0.06013222
         31.48158          10.37332         0.05870694
         31.66467          10.68839         0.05903233
         31.84788          10.94069         0.06274594
         32.03119          11.11219         0.06770077
         32.21462          11.69650         0.07308669
         32.39817          12.12651         0.08165841
         32.58183          11.66545         0.08158193
         32.76560          12.07155         0.07689016
         32.94949          12.16250         0.07876104
         33.13350          12.69366         0.08174432
         33.31762          12.47293         0.09105157
         33.50185          13.63180         0.09584688
         33.68620          15.56963          0.1081856
         33.87067          13.87646          0.1115428
         34.05526          13.68241          0.1271271
         34.23996          12.77926          0.1236739
         34.42477          13.54546          0.1260284
         34.60971          14.54825          0.1298543
         34.79476          18.48116          0.1426295
         34.97993          28.43907          0.1412562
         35.16521          23.20964          0.1389727
         35.35062          16.43060          0.1663622
         35.53614          15.01672          0.1829969
         35.72178          14.35392          0.1884851
         35.90754          15.16282          0.3295777
         36.09341          14.89011          0.2188262
         36.27941          15.23994          0.2556935
         36.46552          16.81474          0.2853331
         36.65176          16.16320          0.3193375
         36.83811          16.69519          0.3216243
         37.02459          15.63731          0.3475949
         37.21118          16.08452          0.3877621
         37.39790          16.56302          0.3587925
         37.58473          17.65178          0.4555728
         37.77169          18.16332          0.5608832
         37.95876          20.27419          0.7803263
         38.14596          19.95355          0.6702893
         38.33328          17.21264          0.6349487
