\DATE= 'Sun Feb 10 21:36:26 2008'
\APERNAME= 'SL1'
\BUNIT= 'e/s/pix'
\CAL_SET= 'irs_2007_02_12-pb-pfc-trim-omeg-lhbiasfork.cal'
\SOFTWARE= 'CUBISM'
\SOFT_VER= 'v1.50pre3 (March-2007)'
\FILENAME= 'sl1.tbl'
\ COMMENT This file contains a spectral extraction created from
\ COMMENT an IRS spectral mapping dataset.
\ Extraction Rectangle:
\ # Box: 09:47:12.924,+67:54:55.74 ; 09:47:15.131,+67:54:47.73
\ #      09:47:16.729,+67:55:01.73 ; 09:47:14.522,+67:55:09.74
|   WAVELENGTH    |      FLUX       | FLUX_UNCERTAINTY |
|      real       |      real       |       real       |
|       um        |     e/s/pix     |     e/s/pix      |
         7.533706          10.38344          0.7438184
         7.595799          9.415606          0.6993346
         7.657894          11.95246          0.6600257
         7.719988          8.760220          0.6046515
         7.782082          9.586435          0.5840058
         7.844176          9.918941          0.6130850
         7.906271          7.643264          0.6227705
         7.968365          5.827848          0.6050422
         8.030458          6.467879          0.6144698
         8.092554          5.602320          0.6073150
         8.154648          4.281425          0.5204034
         8.216742          4.786723          0.5344322
         8.278836          5.848210          0.4497350
         8.340930          5.333506          0.4320799
         8.403025          6.036951          0.3956802
         8.465118          6.123934          0.4270455
         8.527213          6.372278          0.3752994
         8.589307          7.188116          0.3804415
         8.651402          5.983389          0.3610065
         8.713495          5.640582          0.3164115
         8.775590          5.270883          0.3038139
         8.837685          4.500952          0.2951003
         8.899778          3.818484          0.2971193
         8.961872          3.790485          0.3258375
         9.023967          3.745322          0.3379341
         9.086061          3.122582          0.3537186
         9.148155          3.977846          0.3491521
         9.210249          3.886250          0.3537472
         9.272344          3.823841          0.3632054
         9.334438          3.397931          0.4385129
         9.396532          3.846776          0.4021611
         9.458626          3.873362          0.4072842
         9.520720          3.248868          0.3904313
         9.582815          3.645575          0.3791465
         9.644909          3.454822          0.3622412
         9.707003          3.683018          0.3820775
         9.769097          3.391628          0.3098280
         9.831192          2.793621          0.3090051
         9.893286          3.395653          0.3048369
         9.955380          2.647509          0.3105787
         10.01747          2.107189          0.3159423
         10.07957          2.655360          0.2931642
         10.14166          3.176446          0.2615539
         10.20376          2.241934          0.2515336
         10.26585          2.576832          0.2534079
         10.32795          3.906909          0.2736300
         10.39004          3.344998          0.3063592
         10.45213          4.242510          0.2607033
         10.51423          3.517778          0.3397144
         10.57632          3.423136          0.2841963
         10.63842          3.767597          0.3013487
         10.70051          3.777617          0.3396972
         10.76260          3.718104          0.3082460
         10.82470          3.787237          0.3402781
         10.88679          4.407163          0.4231269
         10.94889          5.216997          0.3791323
         11.01098          6.221313          0.3911410
         11.07308          6.193586          0.3448393
         11.13517          8.692299          0.3427401
         11.19726          13.07882          0.3421370
         11.25936          14.52659          0.3077931
         11.32145          12.90196          0.3527597
         11.38355          8.581016          0.2860597
         11.44564          7.247320          0.3060659
         11.50774          6.838775          0.2940102
         11.56983          6.365968          0.2934806
         11.63192          5.545484          0.2973822
         11.69402          5.897003          0.2974370
         11.75611          5.179941          0.2557708
         11.81821          5.647471          0.2725888
         11.88030          4.618357          0.2930766
         11.94240          6.005447          0.3055451
         12.00449          6.272224          0.3610801
         12.06658          4.918119          0.3173145
         12.12868          5.123276          0.3553210
         12.19077          5.738687          0.3542272
         12.25287          5.623785          0.3842579
         12.31496          6.856106          0.3726219
         12.37705          6.525495          0.4649265
         12.43915          6.109309          0.3947631
         12.50124          6.396876          0.4620581
         12.56334          7.373971          0.3846120
         12.62543          7.536308          0.3720680
         12.68753          8.061379          0.3424579
         12.74962          10.40419          0.3366510
         12.81171          12.18459          0.3108373
         12.87381          8.169817          0.3184165
         12.93590          4.856598          0.3178439
         12.99800          4.884713          0.3328446
         13.06009          5.250689          0.2940036
         13.12218          4.930964          0.3128002
         13.18428          4.590739          0.3374344
         13.24637          5.422049          0.3249420
         13.30847          3.778311          0.3058051
         13.37056          5.228960          0.3998224
         13.43266          4.783280          0.3300484
         13.49475          4.924626          0.3484793
         13.55684          4.363461          0.3596874
         13.61894          4.930895          0.3573704
         13.68103          5.209176          0.3864977
         13.74313          4.219112          0.3943992
         13.80522          4.408072          0.4667798
         13.86732          4.676296          0.4406381
         13.92941          3.729071          0.4759294
         13.99150          4.720556          0.4879738
         14.05360          4.850832          0.4760485
         14.11569          5.167862          0.4274012
         14.17779          4.636026          0.4757367
         14.23988          4.705956          0.4632875
         14.30198          4.646805          0.4337402
         14.36407          3.995441          0.3545864
         14.42616          4.244432          0.4749639
         14.48826          3.204970          0.3584133
         14.55035          3.547464          0.3676836
         14.61245          4.026864          0.3894582
         14.67454          3.704925          0.3209113
         14.73664          2.945748          0.3169440
