\DATE= 'Thu Oct 18 01:19:45 2007'
\APERNAME= 'SL2'
\BUNIT= 'e/s/pix'
\CAL_SET= 'irs_2007_02_12-pb-pfc-trim-omeg-lhbiasfork.cal'
\SOFTWARE= 'CUBISM'
\SOFT_VER= 'v1.50pre3 (March-2007)'
\FILENAME= 'sl2.tbl'
\ COMMENT This file contains a spectral extraction created from
\ COMMENT an IRS spectral mapping dataset.
\ Extraction Rectangle:
\ # Box: 01:36:42.328,+15:47:12.02 ; 01:36:41.536,+15:47:05.95
\ #      01:36:42.318,+15:46:44.71 ; 01:36:43.110,+15:46:50.79
|   WAVELENGTH    |      FLUX       | FLUX_UNCERTAINTY |
|      real       |      real       |       real       |
|       um        |     e/s/pix     |     e/s/pix      |
         5.242817          1.902751          0.6986020
         5.273802          1.065647          0.6966156
         5.304788          1.288964          0.6302041
         5.335773        -0.5294166          0.6018184
         5.366758         0.8167530          0.5574422
         5.397744         0.3542126          0.5781737
         5.428729          1.559530          0.4931388
         5.459714        0.06927763          0.4765339
         5.490700         -2.362846          0.4983254
         5.521685        -0.2875869          0.4389423
         5.552670        -0.7619396          0.4137379
         5.583656          1.355740          0.4178036
         5.614641         0.8127143          0.4166378
         5.645627         0.8652729          0.4535565
         5.676612         0.4064477          0.4407597
         5.707598          1.481430          0.4527458
         5.738583          1.578547          0.4546236
         5.769568          1.555555          0.4584257
         5.800553         0.4783663          0.5173303
         5.831539         0.3979399          0.5316739
         5.862525         0.7935452          0.5660221
         5.893510          1.945373          0.5382225
         5.924495          1.951459          0.5790654
         5.955481          1.314153          0.5803106
         5.986466          1.204075          0.5837010
         6.017451          1.579671          0.5457639
         6.048437          2.160295          0.5074944
         6.079422          2.167646          0.4926146
         6.110407          2.457894          0.4400753
         6.141393          2.817187          0.4455095
         6.172378          3.331147          0.4326471
         6.203363          5.890398          0.4572992
         6.234349          6.705712          0.4035075
         6.265334          4.128226          0.3447375
         6.296319          3.896950          0.4440983
         6.327305          3.294389          0.4492809
         6.358290          3.700523          0.4544548
         6.389276          3.229792          0.4609576
         6.420261          3.265850          0.4227329
         6.451246          2.613778          0.4833212
         6.482232          2.272370          0.4998190
         6.513217          3.066188          0.5353940
         6.544202          3.062234          0.6245296
         6.575188          2.767799          0.6677107
         6.606173          2.555479          0.6863101
         6.637158          3.608596          0.6312365
         6.668144          2.761292          0.6025978
         6.699129          2.717906          0.5472834
         6.730114          1.641297          0.5885541
         6.761100          1.768460          0.5615523
         6.792085          2.757661          0.5890179
         6.823071          3.224683          0.5454613
         6.854056          4.260314          0.8231589
         6.885041          3.041107          0.5584289
         6.916027          2.247905          0.5370387
         6.947012          3.206606          0.6399794
         6.977998          1.844251          0.5551423
         7.008983          3.677609          0.5907484
         7.039968          4.853471          0.6146886
         7.070954          3.715235          0.6397974
         7.101939          3.460344          0.6261443
         7.132924          3.710293          0.6268712
         7.163910          5.340497          0.6058837
         7.194895          3.317518          0.6302022
         7.225881          3.102484          0.7527524
         7.256866          3.829150          0.8026832
         7.287851          5.556708          0.8392661
         7.318837          4.694170          0.8992704
         7.349822          4.312725          0.8864177
         7.380807          3.575295          0.8274277
         7.411793          4.603766          0.8524479
         7.442778          4.389353          0.8650068
         7.473763          5.751308          0.8811093
         7.504749          6.621018          0.8395430
         7.535734          6.831359          0.9135433
         7.566720          6.601747          0.8127185
         7.597705          6.443164           1.006991
