\DATE= 'Fri Sep 28 16:15:39 2007'
\APERNAME= 'LL1'
\BUNIT= 'e/s/pix'
\CAL_SET= 'irs_2007_02_12-pb-pfc-trim-omeg-lhbiasfork.cal'
\SOFTWARE= 'CUBISM'
\SOFT_VER= 'v1.50pre3 (March-2007)'
\FILENAME= 'll1.tbl'
\ COMMENT This file contains a spectral extraction created from
\ COMMENT an IRS spectral mapping dataset.
\ Extraction Rectangle:
\ # Box: 11:52:49.682,+44:06:55.69 ; 11:52:50.971,+44:07:10.53
\ #      11:52:48.216,+44:07:38.30 ; 11:52:46.926,+44:07:23.46
|   WAVELENGTH    |      FLUX       | FLUX_UNCERTAINTY |
|      real       |      real       |       real       |
|       um        |     e/s/pix     |     e/s/pix      |
         20.52005          2.724224          0.2325820
         20.69658          3.311537         0.06922169
         20.87322          2.987889         0.05498924
         21.04995          2.946074         0.04810509
         21.22679          3.194607         0.05649025
         21.40373          3.057595         0.05619407
         21.58078          3.009991         0.05198352
         21.75792          3.135644         0.05195359
         21.93517          3.222714         0.05526473
         22.11252          3.099617         0.04360659
         22.28998          3.074586         0.03972402
         22.46754          3.285736         0.04481126
         22.64520          3.417270         0.04267309
         22.82297          3.342350         0.03626733
         23.00084          3.325521         0.03304531
         23.17881          3.405765         0.03871946
         23.35689          3.588195         0.04290360
         23.53507          3.642613         0.03940937
         23.71336          3.575749         0.03531712
         23.89176          3.575967         0.03357986
         24.07026          3.690973         0.03861091
         24.24886          3.729952         0.03767142
         24.42757          3.633049         0.03668521
         24.60638          3.729107         0.03467074
         24.78531          3.709800         0.03702934
         24.96433          3.781379         0.03972500
         25.14346          3.908502         0.03744208
         25.32270          3.995748         0.03858404
         25.50205          3.969821         0.03600462
         25.68150          4.145339         0.03778663
         25.86106          4.343778         0.04223397
         26.04073          4.477922         0.04229390
         26.22051          4.213585         0.03805462
         26.40039          4.111174         0.03638261
         26.58038          4.125260         0.03772425
         26.76048          4.154910         0.03986661
         26.94068          4.175042         0.04010892
         27.12100          4.165226         0.04077645
         27.30142          4.223576         0.03955480
         27.48195          4.212661         0.03901764
         27.66259          4.252455         0.03730767
         27.84334          4.222037         0.04040337
         28.02420          4.410594         0.04249052
         28.20517          4.942833         0.04198272
         28.38625          5.040178         0.04390326
         28.56744          4.587478         0.04410924
         28.74874          4.464087         0.03762895
         28.93015          4.570978         0.03941333
         29.11167          4.686851          0.1272286
         29.29330          4.743822         0.05175015
         29.47504          4.707963         0.05103045
         29.65689          4.856639         0.04901251
         29.83886          4.874824         0.04598839
         30.02094          4.857781         0.04673647
         30.20312          5.150191         0.04835354
         30.38542          5.208169         0.05022427
         30.56783          5.173113         0.04955108
         30.75036          5.293002         0.05562173
         30.93299          5.344869         0.05663255
         31.11574          5.390657         0.05896498
         31.29861          5.358323         0.06131914
         31.48158          5.404978         0.06071454
         31.66467          5.469849         0.06448974
         31.84788          5.648644         0.06618575
         32.03119          5.705960         0.06923265
         32.21462          5.833711         0.07687234
         32.39817          6.188577         0.08989762
         32.58183          5.954938         0.08934592
         32.76560          6.200953         0.08874671
         32.94949          6.286528         0.09557968
         33.13350          6.436228         0.08946010
         33.31762          6.882782         0.09418480
         33.50185          8.512674          0.1116423
         33.68620          9.349346          0.1123597
         33.87067          7.236987          0.1248303
         34.05526          6.626391          0.1467944
         34.23996          6.759840          0.1587642
         34.42477          6.727817          0.1361631
         34.60971          7.485400          0.1441663
         34.79476          11.66433          0.1611407
         34.97993          15.46945          0.1640548
         35.16521          9.579939          0.1721760
         35.35062          7.438841          0.1985044
         35.53614          7.287669          0.2304943
         35.72178          7.056102          0.2193500
         35.90754          7.418287          0.3143792
         36.09341          7.217728          0.2450050
         36.27941          7.512816          0.2839921
         36.46552          7.324067          0.3417245
         36.65176          7.040309          0.3264060
         36.83811          7.965003          0.3539660
         37.02459          8.130611          0.4202095
         37.21118          7.784349          0.3943170
         37.39790          7.522842          0.4090414
         37.58473          8.472318          0.5556730
         37.77169          8.409757          0.6640576
         37.95876          10.38154          0.8607798
         38.14596          9.413540          0.7356324
         38.33328          8.966875          0.8285691
