\DATE= 'Fri Sep 28 16:16:01 2007'
\APERNAME= 'LL2'
\BUNIT= 'e/s/pix'
\CAL_SET= 'irs_2007_02_12-pb-pfc-trim-omeg-lhbiasfork.cal'
\SOFTWARE= 'CUBISM'
\SOFT_VER= 'v1.50pre3 (March-2007)'
\FILENAME= 'll2.tbl'
\ COMMENT This file contains a spectral extraction created from
\ COMMENT an IRS spectral mapping dataset.
\ Extraction Rectangle:
\ # Box: 11:52:50.825,+44:06:44.39 ; 11:52:52.438,+44:07:02.92
\ #      11:52:47.963,+44:07:48.08 ; 11:52:46.350,+44:07:29.55
|   WAVELENGTH    |      FLUX       | FLUX_UNCERTAINTY |
|      real       |      real       |       real       |
|       um        |     e/s/pix     |     e/s/pix      |
         14.26661          2.224468         0.04447554
         14.35830          2.118439         0.03670156
         14.45000          2.132478         0.03593402
         14.54169          2.078774         0.03464740
         14.63338          1.996719         0.03664698
         14.72508          1.865507         0.03767649
         14.81677          1.849563         0.03549451
         14.90846          1.783697         0.03431233
         15.00015          1.782061         0.02996926
         15.09185          1.816310         0.02815886
         15.18354          1.857740         0.02872162
         15.27523          1.808583         0.03153447
         15.36693          1.893082         0.04108187
         15.45862          1.878385          0.1195099
         15.55031          2.316491         0.03641559
         15.64200          2.357312         0.02612309
         15.73370          2.097141         0.02665960
         15.82539          2.136703         0.03179522
         15.91708          2.246891         0.03167868
         16.00878          2.294709         0.03489581
         16.10047          2.289568         0.03527455
         16.19216          2.377909         0.03585605
         16.28386          2.535475         0.03831756
         16.37555          3.116057         0.03795642
         16.46724          3.767015         0.03839539
         16.55893          3.755172         0.03655504
         16.65063          3.424875         0.03415144
         16.74232          3.527396         0.03656291
         16.83401          3.637415         0.03832209
         16.92570          3.757056         0.03871633
         17.01740          4.418658         0.03504844
         17.10909          4.794405         0.03661266
         17.20078          4.175147         0.06303482
         17.29248          3.901423         0.04050334
         17.38417          3.885169         0.04411742
         17.47586          3.742357         0.03915784
         17.56756          3.356568         0.03950382
         17.65925          2.942475         0.03942643
         17.75094          2.980854         0.04236045
         17.84263          2.963145         0.04513881
         17.93433          2.794922         0.04425029
         18.02602          2.516431         0.04562781
         18.11771          2.475805         0.04445054
         18.20941          2.328153         0.04549046
         18.30110          2.358942         0.04570898
         18.39279          2.408273         0.04499717
         18.48449          2.486718         0.04629406
         18.57618          2.617465         0.04687774
         18.66787          2.997067         0.04860151
         18.75956          4.063857         0.06658299
         18.85126          3.331151         0.05126471
         18.94295          2.629225         0.04710637
         19.03464          2.616615         0.05080350
         19.12634          2.540716         0.05369760
         19.21803          2.448120         0.05472552
         19.30972          2.464376         0.05758237
         19.40141          2.557172         0.06931342
         19.49311          2.419504         0.05869815
         19.58480          2.533064         0.05959021
         19.67649          2.455850         0.05855070
         19.76819          2.523211         0.06812416
         19.85988          2.430933         0.08634140
         19.95157          2.434305         0.07067878
         20.04326          2.491436         0.06918479
         20.13496          2.338339         0.07333135
         20.22665          2.516102         0.07809811
         20.31834          2.548484         0.06979888
         20.41004          2.680648         0.07522782
         20.50173          2.415027         0.07591230
         20.59342          2.540265         0.08090503
         20.68512          2.551863         0.08840701
         20.77681          2.346632         0.09791733
         20.86850          2.614717         0.09519192
         20.96019          2.585085         0.09540633
         21.05189          2.146636         0.08749953
