\DATE= 'Wed Oct  3 16:23:51 2007'
\APERNAME= 'LL1'
\BUNIT= 'e/s/pix'
\CAL_SET= 'irs_2007_02_12-pb-pfc-trim-omeg-lhbiasfork.cal'
\SOFTWARE= 'CUBISM'
\SOFT_VER= 'v1.50pre3 (March-2007)'
\FILENAME= 'll1.tbl'
\ COMMENT This file contains a spectral extraction created from
\ COMMENT an IRS spectral mapping dataset.
\ Extraction Rectangle:
\ # Box: 22:37:07.529,+34:24:57.22 ; 22:37:06.501,+34:25:24.92
\ #      22:37:00.159,+34:24:48.87 ; 22:37:01.187,+34:24:21.18
|   WAVELENGTH    |      FLUX       | FLUX_UNCERTAINTY |
|      real       |      real       |       real       |
|       um        |     e/s/pix     |     e/s/pix      |
         20.52005          7.660642          0.1025190
         20.69658          8.167107         0.04123655
         20.87322          8.208214         0.03315283
         21.04995          7.996624         0.02828079
         21.22679          8.602436         0.03245576
         21.40373          8.641924         0.03164439
         21.58078          8.228976         0.02642742
         21.75792          8.674495         0.02912073
         21.93517          9.062035         0.03065828
         22.11252          8.813809         0.02719183
         22.28998          8.748469         0.02354066
         22.46754          9.133369         0.02798853
         22.64520          9.564003         0.03007845
         22.82297          9.541833         0.02480557
         23.00084          9.437721         0.02202675
         23.17881          9.717633         0.02481780
         23.35689          10.07967         0.02708059
         23.53507          10.33793         0.02493856
         23.71336          10.34801         0.02163770
         23.89176          10.42899         0.02061362
         24.07026          10.63554         0.02131991
         24.24886          10.83963         0.02218502
         24.42757          10.80331         0.02128658
         24.60638          10.81205         0.01895073
         24.78531          11.03274         0.01988886
         24.96433          11.26656         0.02118529
         25.14346          11.61080         0.02007632
         25.32270          11.70922         0.01950683
         25.50205          11.73587         0.01977724
         25.68150          12.27238         0.02080151
         25.86106          13.24853         0.02333283
         26.04073          13.76026         0.02185773
         26.22051          12.85271         0.02151170
         26.40039          12.40164         0.01973583
         26.58038          12.61122         0.02387489
         26.76048          12.70946         0.02135731
         26.94068          12.81752         0.02234868
         27.12100          13.10291         0.02448386
         27.30142          13.26755         0.02240781
         27.48195          13.28606         0.02178495
         27.66259          13.33687         0.02194059
         27.84334          13.56149         0.02435657
         28.02420          14.10638         0.02686720
         28.20517          15.62449         0.02904067
         28.38625          15.82479         0.03012526
         28.56744          14.54411         0.02745814
         28.74874          14.33951         0.02514202
         28.93015          14.61474         0.02714697
         29.11167          14.93018         0.03771336
         29.29330          15.32641         0.03589074
         29.47504          15.57357         0.03348476
         29.65689          15.77737         0.04248586
         29.83886          15.90090         0.03217641
         30.02094          16.18945         0.03045322
         30.20312          16.42037         0.05986382
         30.38542          16.83011         0.03530269
         30.56783          17.12184         0.03546114
         30.75036          17.57720         0.03656749
         30.93299          17.79005         0.03752743
         31.11574          18.14955         0.04134050
         31.29861          18.37016         0.04163307
         31.48158          18.56876         0.04118828
         31.66467          19.13044         0.04834683
         31.84788          19.44833         0.04704163
         32.03119          19.53486         0.04875273
         32.21462          20.21090         0.05297114
         32.39817          21.09359         0.05793383
         32.58183          21.19087         0.05936113
         32.76560          21.70376         0.05684070
         32.94949          21.98425         0.05962612
         33.13350          22.38601         0.05962565
         33.31762          24.57808         0.06858475
         33.50185          31.88519         0.07238220
         33.68620          32.89981         0.07890558
         33.87067          25.65544         0.08652101
         34.05526          24.42091         0.09344930
         34.23996          23.81732         0.09447844
         34.42477          23.96851         0.09117866
         34.60971          26.38945          0.1489266
         34.79476          41.52267          0.1070301
         34.97993          56.85413          0.1093412
         35.16521          35.89821          0.1054264
         35.35062          26.20556          0.1107044
         35.53614          26.10607          0.1158251
         35.72178          26.48743          0.1327753
         35.90754          25.83612          0.1705420
         36.09341          26.24380          0.1539168
         36.27941          27.17645          0.1482989
         36.46552          27.87417          0.1681543
         36.65176          27.93646          0.1672662
         36.83811          29.48302          0.1913796
         37.02459          27.71377          0.1751910
         37.21118          29.23239          0.2017473
         37.39790          28.33992          0.1981472
         37.58473          29.58608          0.2445095
         37.77169          31.30443          0.3375590
         37.95876          29.65310          0.3253826
         38.14596          38.45617          0.4347477
         38.33328          29.78340          0.3570862
