\DATE= 'Sat May 31 19:20:30 2008'
\APERNAME= 'LL1'
\BUNIT= 'e/s/pix'
\CAL_SET= 'irs_2007_02_12-pb-pfc-trim-omeg-lhbiasfork.cal'
\SOFTWARE= 'CUBISM'
\SOFT_VER= 'v1.50pre3 (March-2007)'
\FILENAME= 'll1.tbl'
\ COMMENT This file contains a spectral extraction created from
\ COMMENT an IRS spectral mapping dataset.
\ Extraction Rectangle:
\ # Box: 02:27:14.585,+33:34:51.71 ; 02:27:15.189,+33:34:27.45
\ #      02:27:17.906,+33:34:38.02 ; 02:27:17.303,+33:35:02.27
|   WAVELENGTH    |      FLUX       | FLUX_UNCERTAINTY |
|      real       |      real       |       real       |
|       um        |     e/s/pix     |     e/s/pix      |
         20.52005          1.705861          0.2768776
         20.69658          1.834248         0.08600307
         20.87322          1.715733         0.07191189
         21.04995          1.759276         0.06979727
         21.22679          2.014637         0.07635939
         21.40373          2.038833         0.06604052
         21.58078          1.932388         0.05363229
         21.75792          2.166195         0.06370153
         21.93517          2.103461         0.06825993
         22.11252          2.092972         0.05157391
         22.28998          2.082958         0.04696980
         22.46754          2.160020         0.04769295
         22.64520          2.199425         0.04832376
         22.82297          2.300723         0.04214729
         23.00084          2.271071         0.03889799
         23.17881          2.249431         0.04147997
         23.35689          2.358620         0.04644281
         23.53507          2.358985         0.04620108
         23.71336          2.421009         0.04152330
         23.89176          2.530503         0.04192834
         24.07026          2.504443         0.05255807
         24.24886          2.574810         0.04479578
         24.42757          2.573432         0.04741037
         24.60638          2.618357         0.04388102
         24.78531          2.599545         0.04474286
         24.96433          2.720516         0.04896541
         25.14346          2.734003         0.04606505
         25.32270          2.741633         0.04542472
         25.50205          2.737284         0.04304907
         25.68150          2.854266         0.04781828
         25.86106          3.257947         0.04812963
         26.04073          3.339102         0.04875797
         26.22051          3.003663         0.04545999
         26.40039          2.971973         0.04277918
         26.58038          2.889715         0.04393749
         26.76048          2.980108         0.04443846
         26.94068          3.064099         0.04848981
         27.12100          2.935515         0.04785143
         27.30142          3.114974         0.04244424
         27.48195          3.013073         0.04331274
         27.66259          3.125694         0.04396939
         27.84334          3.182100         0.04601355
         28.02420          3.432270         0.04980110
         28.20517          3.611123         0.05065849
         28.38625          3.647737         0.05028214
         28.56744          3.447864         0.04734145
         28.74874          3.364388         0.04520151
         28.93015          3.534916         0.04828289
         29.11167          3.557474         0.07360889
         29.29330          3.650771         0.06657837
         29.47504          3.698735         0.05873793
         29.65689          3.632841          0.1909039
         29.83886          3.728579         0.08485595
         30.02094          3.835459         0.05088424
         30.20312          3.894175         0.05831889
         30.38542          4.421021          0.3513341
         30.56783          4.062324          0.1120307
         30.75036          4.132940         0.06366320
         30.93299          4.257430         0.06320830
         31.11574          4.331137         0.06716070
         31.29861          4.445918         0.06819294
         31.48158          4.529835         0.06541386
         31.66467          4.644142         0.07017881
         31.84788          4.542164         0.07537307
         32.03119          4.566771         0.08344246
         32.21462          4.746207         0.08409945
         32.39817          5.104646          0.1044368
         32.58183          4.958333         0.09524767
         32.76560          5.213944         0.09890678
         32.94949          5.167559          0.1045206
         33.13350          5.242084         0.09660988
         33.31762          6.901891          0.1067112
         33.50185          11.26391          0.1193968
         33.68620          10.67694          0.1313282
         33.87067          6.432190          0.1367042
         34.05526          5.932108          0.1498431
         34.23996          6.110957          0.1661828
         34.42477          5.659533          0.1560575
         34.60971          6.408725          0.1618334
         34.79476          12.54348          0.2967102
         34.97993          15.32894          0.1934685
         35.16521          8.171350          0.1815700
         35.35062          6.457563          0.1984133
         35.53614          6.182198          0.2378428
         35.72178          7.265994          0.3868697
         35.90754          5.896908          0.2973072
         36.09341          6.533553          0.2828888
         36.27941          6.645792          0.3078951
         36.46552          7.178635          0.3680479
         36.65176          7.112452          0.5534952
         36.83811          7.452982          0.4467501
         37.02459          7.362068          0.4137918
         37.21118          7.377807          0.4830469
         37.39790          6.755758          0.4183215
         37.58473          7.834596          0.5142772
         37.77169          8.343172          0.6906865
         37.95876          8.508020          0.7859635
         38.14596          7.275596          0.8696009
         38.33328          6.505464          0.7865151
