\DATE= 'Tue Sep  4 19:20:12 2007'
\APERNAME= 'SL1'
\BUNIT= 'e/s/pix'
\CAL_SET= 'irs_2007_02_12-pb-pfc-trim-omeg-lhbiasfork.cal'
\SOFTWARE= 'CUBISM'
\SOFT_VER= 'v1.50pre3 (March-2007)'
\FILENAME= 'sl1.tbl'
\ COMMENT This file contains a spectral extraction created from
\ COMMENT an IRS spectral mapping dataset.
\ Extraction Rectangle:
\ # Box: 07:36:47.952,+65:36:01.36 ; 07:36:49.749,+65:35:54.76
\ #      07:36:50.663,+65:36:04.31 ; 07:36:48.865,+65:36:10.91
|   WAVELENGTH    |      FLUX       | FLUX_UNCERTAINTY |
|      real       |      real       |       real       |
|       um        |     e/s/pix     |     e/s/pix      |
         7.533706          15.51750          0.9266176
         7.595799          15.34300          0.9103884
         7.657894          12.80502          0.7134865
         7.719988          14.42425          0.8185984
         7.782082          14.38518          0.7643816
         7.844176          12.32082          0.8451691
         7.906271          13.35973          0.7485546
         7.968365          10.38207          0.7372031
         8.030458          10.02777          0.7501205
         8.092554          7.935999          0.9196782
         8.154648          8.788127          0.6726449
         8.216742          8.108918          0.6550342
         8.278836          8.054745          0.7044211
         8.340930          8.698214          0.6109576
         8.403025          8.115811          0.5322663
         8.465118          7.582111          0.6328264
         8.527213          7.846027          0.4961307
         8.589307          9.358977          0.5666821
         8.651402          9.103477          0.5125110
         8.713495          7.884655          0.3858264
         8.775590          5.823081          0.3920151
         8.837685          4.397740          0.3776132
         8.899778          5.079335          0.3979600
         8.961872          1.878063          0.4329002
         9.023967          3.609831          0.4582247
         9.086061          3.176013          0.4514319
         9.148155          3.057096          0.4155493
         9.210249          2.787416          0.4840308
         9.272344          3.335582          0.4527858
         9.334438          2.077985          0.5305538
         9.396532          3.269666          0.5148870
         9.458626          2.631021          0.5613914
         9.520720          3.001049          0.5911908
         9.582815          2.929281          0.5140209
         9.644909          2.357849          0.5586094
         9.707003          2.473442          0.5647697
         9.769097          3.840227          0.4410596
         9.831192          2.908975          0.4865594
         9.893286          2.884727          0.4461647
         9.955380          2.523039          0.3981492
         10.01747          3.319664          0.4766947
         10.07957          2.407373          0.4271865
         10.14166          2.135087          0.3368677
         10.20376          2.629358          0.2975152
         10.26585          2.533181          0.3512744
         10.32795          1.971608          0.4032565
         10.39004          1.700579          0.3448337
         10.45213          3.054707          0.3390825
         10.51423          4.149968          0.3858839
         10.57632          4.735329          0.3338557
         10.63842          2.898786          0.3949290
         10.70051          3.561826          0.4303403
         10.76260          4.004668          0.4396708
         10.82470          3.851651          0.3924965
         10.88679          4.251889          0.4858149
         10.94889          5.272120          0.4761127
         11.01098          6.288472          0.5033734
         11.07308          7.271949          0.5235571
         11.13517          10.68572          0.4975782
         11.19726          16.80673          0.5268338
         11.25936          18.43710          0.4369443
         11.32145          14.15598          0.4848019
         11.38355          11.91523          0.4446183
         11.44564          8.174696          0.4321552
         11.50774          8.149323          0.4195875
         11.56983          6.982449          0.4094207
         11.63192          5.572952          0.3700025
         11.69402          5.370898          0.4142800
         11.75611          5.171399          0.3610650
         11.81821          6.090351          0.3888146
         11.88030          5.980050          0.4201443
         11.94240          6.996778          0.3465917
         12.00449          6.069532          0.3880160
         12.06658          6.677964          0.4293185
         12.12868          6.049871          0.4128574
         12.19077          4.760396          0.4712378
         12.25287          7.046168          0.4134213
         12.31496          7.028080          0.4766369
         12.37705          6.695537          0.5897423
         12.43915          8.058895          0.5315996
         12.50124          7.621104          0.5481965
         12.56334          8.254510          0.4587586
         12.62543          8.041826          0.4910392
         12.68753          9.799657          0.4641642
         12.74962          10.10631          0.4385116
         12.81171          11.91878          0.3806910
         12.87381          8.084611          0.4544626
         12.93590          5.647881          0.4351264
         12.99800          5.049647          0.4134161
         13.06009          4.285731          0.3638911
         13.12218          4.710337          0.3711716
         13.18428          5.142540          0.3764085
         13.24637          4.853466          0.4313003
         13.30847          4.883054          0.3976751
         13.37056          3.466662          0.3953760
         13.43266          3.831919          0.4056717
         13.49475          4.594210          0.4598756
         13.55684          3.870689          0.4268478
         13.61894          4.433615          0.4955283
         13.68103          5.408035          0.4873895
         13.74313          2.829626          0.5234231
         13.80522          3.668508          0.5197953
         13.86732          4.466231          0.5738311
         13.92941          2.984888          0.6255154
         13.99150          3.585096          0.6431910
         14.05360          3.602949          0.6218975
         14.11569          3.418601          0.6838533
         14.17779          3.603427          0.6207522
         14.23988          4.017085          0.6507255
         14.30198          3.344750          0.6003115
         14.36407          4.807943          0.5321265
         14.42616          2.587455          0.5663730
         14.48826          3.709106          0.5690989
         14.55035          2.934304          0.4403835
         14.61245          3.101797          0.4949127
         14.67454          3.420096          0.5129439
         14.73664          3.178750          0.3832508
