\DATE= 'Mon Sep 24 19:53:30 2007'
\APERNAME= 'LL1'
\BUNIT= 'e/s/pix'
\CAL_SET= 'irs_2007_02_12-pb-pfc-trim-omeg-lhbiasfork.cal'
\SOFTWARE= 'CUBISM'
\SOFT_VER= 'v1.50pre3 (March-2007)'
\FILENAME= 'll1.tbl'
\ COMMENT This file contains a spectral extraction created from
\ COMMENT an IRS spectral mapping dataset.
\ Extraction Rectangle:
\ # Box: 09:22:07.357,+50:57:26.59 ; 09:22:09.643,+50:57:48.10
\ #      09:21:59.011,+50:59:28.85 ; 09:21:56.725,+50:59:07.32
|   WAVELENGTH    |      FLUX       | FLUX_UNCERTAINTY |
|      real       |      real       |       real       |
|       um        |     e/s/pix     |     e/s/pix      |
         20.52005          1.166554         0.09715249
         20.69658          1.401703         0.03191910
         20.87322          1.383070         0.02498418
         21.04995          1.297124         0.02136037
         21.22679          1.384943         0.02734433
         21.40373          1.447424         0.02525157
         21.58078          1.290434         0.02013645
         21.75792          1.300144         0.02355773
         21.93517          1.383353         0.02510689
         22.11252          1.425845         0.02070468
         22.28998          1.373661         0.01832063
         22.46754          1.349915         0.01950904
         22.64520          1.396354         0.01952403
         22.82297          1.420144         0.01622634
         23.00084          1.407815         0.01484469
         23.17881          1.412300         0.01642841
         23.35689          1.461385         0.01752273
         23.53507          1.547073         0.01633209
         23.71336          1.430621         0.01440651
         23.89176          1.471793         0.01397723
         24.07026          1.544599         0.01569177
         24.24886          1.463220         0.01598213
         24.42757          1.448215         0.01562418
         24.60638          1.526093         0.01600884
         24.78531          1.520575         0.01589723
         24.96433          1.581013         0.01671694
         25.14346          1.575124         0.01679145
         25.32270          1.586133         0.01608725
         25.50205          1.618035         0.01558103
         25.68150          1.662013         0.01684120
         25.86106          1.851644         0.01813224
         26.04073          1.937316         0.01781834
         26.22051          1.721471         0.01738606
         26.40039          1.578980         0.01648525
         26.58038          1.633224         0.01614135
         26.76048          1.668801         0.01715624
         26.94068          1.631407         0.01812141
         27.12100          1.625751         0.01897546
         27.30142          1.663902         0.01841993
         27.48195          1.676162         0.01682247
         27.66259          1.651121         0.01609284
         27.84334          1.673615         0.01779372
         28.02420          1.731047         0.01883796
         28.20517          2.081958         0.02247163
         28.38625          2.067637         0.01955404
         28.56744          1.796049         0.01807505
         28.74874          1.775782         0.01699966
         28.93015          1.755412         0.01759509
         29.11167          1.760484         0.03498529
         29.29330          1.881306         0.02222623
         29.47504          1.872525         0.02177983
         29.65689          1.847524         0.03231136
         29.83886          1.858538         0.02151191
         30.02094          1.890118         0.01959173
         30.20312          1.936958         0.01985412
         30.38542          1.907246         0.02292783
         30.56783          1.991516         0.02198287
         30.75036          1.994009         0.02348568
         30.93299          2.014487         0.02326502
         31.11574          2.003055         0.02458430
         31.29861          2.092713         0.02611769
         31.48158          2.116317         0.02513540
         31.66467          2.123949         0.02859190
         31.84788          2.194152         0.02903989
         32.03119          2.172256         0.03009542
         32.21462          2.195248         0.03295520
         32.39817          2.350566         0.03775174
         32.58183          2.388181         0.03640519
         32.76560          2.405695         0.03618801
         32.94949          2.404344         0.03916594
         33.13350          2.424141         0.03811830
         33.31762          2.693844         0.04150797
         33.50185          3.828826         0.04552223
         33.68620          3.772822         0.04939534
         33.87067          2.619180         0.05372883
         34.05526          2.551118         0.06411004
         34.23996          2.503853         0.06066174
         34.42477          2.324701         0.06106450
         34.60971          2.835237          0.1115952
         34.79476          5.062325         0.06920893
         34.97993          6.551418         0.07235824
         35.16521          3.671773         0.08802970
         35.35062          2.607404         0.08258440
         35.53614          2.687913         0.08745579
         35.72178          2.583534         0.09730071
         35.90754          2.412820          0.1461171
         36.09341          2.773229          0.1138663
         36.27941          2.781162          0.1190937
         36.46552          2.714985          0.1407578
         36.65176          2.848391          0.1392136
         36.83811          2.492961          0.1561638
         37.02459          2.702958          0.1424157
         37.21118          2.806596          0.1634635
         37.39790          2.587806          0.1734675
         37.58473          3.205825          0.2091703
         37.77169          3.912694          0.2374749
         37.95876          2.998223          0.3356077
         38.14596          4.170239          0.3445501
         38.33328          3.857054          0.3053749
