\DATE= 'Sat Sep 22 04:24:47 2007'
\APERNAME= 'LL1'
\BUNIT= 'e/s/pix'
\CAL_SET= 'irs_2007_02_12-pb-pfc-trim-omeg-lhbiasfork.cal'
\SOFTWARE= 'CUBISM'
\SOFT_VER= 'v1.50pre3 (March-2007)'
\FILENAME= 'll1.tbl'
\ COMMENT This file contains a spectral extraction created from
\ COMMENT an IRS spectral mapping dataset.
\ Extraction Rectangle:
\ # Box: 01:36:38.463,+15:47:04.35 ; 01:36:38.984,+15:46:45.47
\ #      01:36:40.292,+15:46:52.99 ; 01:36:39.771,+15:47:11.87
|   WAVELENGTH    |      FLUX       | FLUX_UNCERTAINTY |
|      real       |      real       |       real       |
|       um        |     e/s/pix     |     e/s/pix      |
         20.52005          1.187366          0.1166679
         20.69658          1.268322          0.1238823
         20.87322          1.269700         0.09311741
         21.04995          1.434225         0.07746617
         21.22679          1.405533         0.08805851
         21.40373          1.408195         0.08422217
         21.58078          1.472711         0.07676063
         21.75792          1.493574         0.06902631
         21.93517          1.557896         0.08665583
         22.11252          1.716278         0.07163218
         22.28998          1.624027         0.09611981
         22.46754          1.477837         0.07393495
         22.64520          1.577498         0.07032278
         22.82297          1.603161         0.06103551
         23.00084          1.555188         0.06101986
         23.17881          1.599877         0.06179761
         23.35689          1.467379         0.06653503
         23.53507          1.510249         0.05821293
         23.71336          1.663052         0.06028896
         23.89176          1.696913         0.05921889
         24.07026          1.646370         0.06175471
         24.24886          1.701722         0.06088438
         24.42757          1.586508         0.06408218
         24.60638          1.749835         0.05923410
         24.78531          1.721199         0.05908309
         24.96433          1.501549         0.06493324
         25.14346          1.852150         0.05817236
         25.32270          1.838281         0.06238548
         25.50205          1.832560         0.05610804
         25.68150          2.033130         0.06186669
         25.86106          1.862958         0.06176325
         26.04073          2.029080         0.06308321
         26.22051          1.933958         0.06148148
         26.40039          2.024351         0.06253391
         26.58038          1.881964         0.05909166
         26.76048          1.908284         0.06090647
         26.94068          1.876534         0.06034317
         27.12100          1.812842         0.06132715
         27.30142          1.697271         0.06186686
         27.48195          1.927861         0.05824142
         27.66259          1.869806         0.06047847
         27.84334          1.900681         0.06178797
         28.02420          2.094276         0.07088701
         28.20517          2.202157         0.07353026
         28.38625          2.141093         0.06707983
         28.56744          1.901278         0.06666769
         28.74874          1.882860         0.06721760
         28.93015          2.017229         0.06932235
         29.11167          2.047906         0.07319727
         29.29330          2.044348         0.07939897
         29.47504          1.983634         0.07649662
         29.65689          1.898800         0.07521196
         29.83886          2.073666         0.07394143
         30.02094          2.094428         0.07609719
         30.20312          2.092898         0.07533401
         30.38542          2.318715         0.09964604
         30.56783          2.263078         0.08179820
         30.75036          2.361322         0.08841101
         30.93299          2.309829         0.08787528
         31.11574          2.202607         0.08627199
         31.29861          2.401037         0.09673758
         31.48158          2.022111         0.09165051
         31.66467          2.163684          0.1103290
         31.84788          2.408104          0.1072410
         32.03119          2.174689          0.1014838
         32.21462          2.433788          0.1194609
         32.39817          2.345720          0.1265451
         32.58183          2.798240          0.1225110
         32.76560          2.779760          0.1438374
         32.94949          2.581270          0.1383518
         33.13350          2.681626          0.1262560
         33.31762          3.169736          0.1485530
         33.50185          4.439878          0.1558556
         33.68620          4.079324          0.1754210
         33.87067          2.869312          0.2033310
         34.05526          2.804755          0.2040692
         34.23996          2.876695          0.2073783
         34.42477          2.648159          0.2076843
         34.60971          3.086400          0.8595530
         34.79476          5.296494          0.3551729
         34.97993          6.432130          0.2975903
         35.16521          3.973652          0.2733578
         35.35062          3.096159          0.2408105
         35.53614          3.081175          0.2955621
         35.72178          3.554121          0.3273046
         35.90754          3.227006          0.3448752
         36.09341          2.429639          0.4008680
         36.27941          3.058344          0.3891086
         36.46552          3.547196          0.3805787
         36.65176          2.050797          0.3914981
         36.83811          3.515855          0.4713953
         37.02459          3.041816          0.4909423
         37.21118          2.493974          0.5929494
         37.39790          3.335049          0.5374173
         37.58473          3.787858          0.5948747
         37.77169          5.507936          0.9579466
         37.95876          2.994106          0.7891318
         38.14596          2.746093           1.136299
         38.33328          2.851367          0.9444841
