\DATE= 'Wed Sep 26 20:46:20 2007'
\APERNAME= 'LL1'
\BUNIT= 'e/s/pix'
\CAL_SET= 'irs_2007_02_12-pb-pfc-trim-omeg-lhbiasfork.cal'
\SOFTWARE= 'CUBISM'
\SOFT_VER= 'v1.50pre3 (March-2007)'
\FILENAME= 'll1.tbl'
\ COMMENT This file contains a spectral extraction created from
\ COMMENT an IRS spectral mapping dataset.
\ Extraction Rectangle:
\ # Box: 10:18:17.725,+41:25:06.29 ; 10:18:18.894,+41:25:21.78
\ #      10:18:16.484,+41:25:44.80 ; 10:18:15.315,+41:25:29.30
|   WAVELENGTH    |      FLUX       | FLUX_UNCERTAINTY |
|      real       |      real       |       real       |
|       um        |     e/s/pix     |     e/s/pix      |
         20.52005          3.968096          0.1589997
         20.69658          4.661304         0.09084054
         20.87322          4.509677         0.07165227
         21.04995          4.455494         0.06480386
         21.22679          4.590919         0.06861378
         21.40373          4.875432         0.06680126
         21.58078          4.627182         0.05264884
         21.75792          4.869615         0.05230058
         21.93517          5.233354         0.06272911
         22.11252          5.099403         0.05018569
         22.28998          5.008348         0.04455466
         22.46754          5.305095         0.05242961
         22.64520          5.586047         0.05521221
         22.82297          5.622281         0.05376694
         23.00084          5.596631         0.04293338
         23.17881          5.770775         0.04686419
         23.35689          5.849642         0.04982516
         23.53507          6.080591         0.04676641
         23.71336          6.101734         0.04617030
         23.89176          6.158389         0.04653579
         24.07026          6.112309         0.04613358
         24.24886          6.405198         0.04878488
         24.42757          6.349391         0.04565113
         24.60638          6.330745         0.04602379
         24.78531          6.415372         0.05052129
         24.96433          6.461118         0.05331267
         25.14346          6.701025         0.04594437
         25.32270          6.750183         0.04942337
         25.50205          6.636650         0.04348578
         25.68150          7.006138         0.04767556
         25.86106          7.381947         0.05244265
         26.04073          7.587696         0.05080587
         26.22051          7.414783         0.04672884
         26.40039          7.229867         0.04614761
         26.58038          7.257740         0.04221711
         26.76048          7.547721         0.04784888
         26.94068          7.597296         0.04867659
         27.12100          7.788018         0.04801852
         27.30142          7.871831         0.04752253
         27.48195          8.007709         0.04202342
         27.66259          7.895134         0.04300193
         27.84334          7.915460         0.04698346
         28.02420          8.149608         0.04909558
         28.20517          8.025272         0.05653165
         28.38625          8.841887         0.05193780
         28.56744          8.531525         0.04792384
         28.74874          8.624182         0.04898030
         28.93015          8.557112         0.04917883
         29.11167          8.846045         0.05234166
         29.29330          9.053213         0.06277247
         29.47504          9.056821         0.06321108
         29.65689          8.980570         0.06270427
         29.83886          9.225696         0.05902581
         30.02094          9.383453         0.05814570
         30.20312          9.519140         0.05557546
         30.38542          9.568962         0.07171390
         30.56783          9.330793         0.09357516
         30.75036          9.902789          0.2797106
         30.93299          10.09542         0.06411446
         31.11574          10.07772         0.06920224
         31.29861          10.28886         0.07596476
         31.48158          10.47686         0.07543999
         31.66467          10.58808         0.08931465
         31.84788          10.72707         0.09120179
         32.03119          10.55792         0.09419260
         32.21462          11.14757         0.09552783
         32.39817          11.58606          0.1063383
         32.58183          11.64219          0.1169351
         32.76560          11.76915          0.1069541
         32.94949          12.02393          0.1207579
         33.13350          12.29597          0.1177032
         33.31762          13.99430          0.1293814
         33.50185          17.95984          0.1429060
         33.68620          17.31904          0.1496403
         33.87067          14.08265          0.1641817
         34.05526          13.06076          0.1774695
         34.23996          12.93788          0.1743063
         34.42477          12.78432          0.1666379
         34.60971          14.00054          0.4395010
         34.79476          19.98830          0.2064984
         34.97993          23.91430          0.2058253
         35.16521          16.75457          0.2058402
         35.35062          12.74437          0.2047268
         35.53614          12.35415          0.2301518
         35.72178          14.00979          0.2610816
         35.90754          13.19116          0.2969693
         36.09341          14.04695          0.3152251
         36.27941          13.62550          0.3387826
         36.46552          13.62682          0.3269528
         36.65176          14.29563          0.3810121
         36.83811          13.01204          0.4266369
         37.02459          13.51949          0.4275008
         37.21118          13.37292          0.5128823
         37.39790          14.04978          0.4682997
         37.58473          14.56407          0.5824135
         37.77169          17.42635          0.6694520
         37.95876          13.90430          0.7151118
         38.14596          16.75205           1.012422
         38.33328          15.11746          0.8235073
