\DATE= 'Sat Sep 22 16:17:54 2007'
\APERNAME= 'LL1'
\BUNIT= 'e/s/pix'
\CAL_SET= 'irs_2007_02_12-pb-pfc-trim-omeg-lhbiasfork.cal'
\SOFTWARE= 'CUBISM'
\SOFT_VER= 'v1.50pre3 (March-2007)'
\FILENAME= 'll1.tbl'
\ COMMENT This file contains a spectral extraction created from
\ COMMENT an IRS spectral mapping dataset.
\ Extraction Rectangle:
\ # Box: 07:37:19.220,+65:33:34.91 ; 07:37:20.697,+65:33:47.08
\ #      07:37:17.427,+65:34:02.36 ; 07:37:15.950,+65:33:50.18
|   WAVELENGTH    |      FLUX       | FLUX_UNCERTAINTY |
|      real       |      real       |       real       |
|       um        |     e/s/pix     |     e/s/pix      |
         20.52005          3.599284          0.1340902
         20.69658          3.869024          0.1380824
         20.87322          3.830549          0.1083688
         21.04995          3.585255         0.09024618
         21.22679          4.146108          0.1026315
         21.40373          4.147769         0.09133536
         21.58078          4.007207         0.07682525
         21.75792          4.105618         0.08293839
         21.93517          4.471486         0.08225261
         22.11252          4.417726         0.07345843
         22.28998          4.414371         0.07462596
         22.46754          4.443869         0.07588212
         22.64520          4.634096         0.08138427
         22.82297          4.868752         0.07170882
         23.00084          4.860190         0.05843462
         23.17881          4.969285         0.06786979
         23.35689          5.123338         0.07132325
         23.53507          5.350808         0.06171945
         23.71336          5.192616         0.05618864
         23.89176          5.247038         0.05424615
         24.07026          5.434341         0.05730654
         24.24886          5.550886         0.06768532
         24.42757          5.617469         0.05864709
         24.60638          5.778903         0.06329589
         24.78531          5.697207         0.06269652
         24.96433          5.796746         0.07320513
         25.14346          6.036502         0.07212175
         25.32270          6.149796         0.06478363
         25.50205          5.899211         0.06167167
         25.68150          6.312330         0.06603862
         25.86106          6.657159         0.07289530
         26.04073          6.737112         0.06600274
         26.22051          6.356025         0.06303399
         26.40039          6.339869         0.06380723
         26.58038          6.521399         0.06160022
         26.76048          6.768396         0.06739850
         26.94068          6.700770         0.07082425
         27.12100          6.834875         0.07008894
         27.30142          6.904374         0.06825948
         27.48195          7.051019         0.06729538
         27.66259          7.072391         0.06662677
         27.84334          7.108188         0.06837759
         28.02420          7.317147         0.07757868
         28.20517          7.521563         0.07899635
         28.38625          7.635800         0.08747885
         28.56744          7.706728         0.06979655
         28.74874          7.813369         0.07412639
         28.93015          7.817405         0.06887212
         29.11167          7.984943         0.07648223
         29.29330          8.064173         0.08602507
         29.47504          8.173339         0.07996751
         29.65689          8.034140          0.1937146
         29.83886          8.327955         0.08080325
         30.02094          8.469633         0.07444570
         30.20312          8.734759         0.08257400
         30.38542          8.518311         0.09907871
         30.56783          8.792643         0.09586777
         30.75036          9.256815         0.08995011
         30.93299          9.249546          0.1052400
         31.11574          9.438636          0.3609301
         31.29861          9.699701         0.09954303
         31.48158          9.782242         0.09604789
         31.66467          9.906462          0.1250724
         31.84788          9.901895          0.1182307
         32.03119          9.837887          0.1328647
         32.21462          10.30260          0.1342390
         32.39817          10.76942          0.1652042
         32.58183          10.75025          0.1531283
         32.76560          11.02024          0.1477553
         32.94949          11.15649          0.1536437
         33.13350          11.97884          0.1598960
         33.31762          20.12933          0.1757875
         33.50185          40.44324          0.2046168
         33.68620          27.09049          0.2072898
         33.87067          14.27565          0.2209933
         34.05526          12.64842          0.2785618
         34.23996          12.19277          0.4857628
         34.42477          12.24353          0.2306703
         34.60971          14.40904          0.2540752
         34.79476          23.92775          0.2761477
         34.97993          24.17994          0.6365820
         35.16521          15.44843          0.3124524
         35.35062          12.46392          0.3228901
         35.53614          12.08894          0.3655850
         35.72178          13.94506          0.3985639
         35.90754          13.55401          0.3985262
         36.09341          15.16007          0.4892686
         36.27941          15.26140          0.5925096
         36.46552          13.99939          0.4626230
         36.65176          15.10739          0.5914648
         36.83811          14.93575          0.5806751
         37.02459          13.78254          0.5601600
         37.21118          15.60678          0.6627644
         37.39790          15.27056          0.6534508
         37.58473          14.48808          0.8115414
         37.77169          16.84341           1.033592
         37.95876          15.99303           1.001495
         38.14596          17.00503           1.197649
         38.33328          13.37395           1.079416
