\DATE= 'Sat Sep 22 16:19:28 2007'
\APERNAME= 'LL2'
\BUNIT= 'e/s/pix'
\CAL_SET= 'irs_2007_02_12-pb-pfc-trim-omeg-lhbiasfork.cal'
\SOFTWARE= 'CUBISM'
\SOFT_VER= 'v1.50pre3 (March-2007)'
\FILENAME= 'll2.tbl'
\ COMMENT This file contains a spectral extraction created from
\ COMMENT an IRS spectral mapping dataset.
\ Extraction Rectangle:
\ # Box: 07:37:18.733,+65:33:36.95 ; 07:37:20.213,+65:33:49.11
\ #      07:37:16.294,+65:34:07.48 ; 07:37:14.813,+65:33:55.32
|   WAVELENGTH    |      FLUX       | FLUX_UNCERTAINTY |
|      real       |      real       |       real       |
|       um        |     e/s/pix     |     e/s/pix      |
         14.26661          1.464790         0.08231489
         14.35830          1.585183         0.08215853
         14.45000          1.365447         0.07564545
         14.54169          1.292066         0.08274288
         14.63338          1.545448         0.07646912
         14.72508          1.214709         0.08523893
         14.81677          1.292170         0.07646874
         14.90846          1.350804         0.07999768
         15.00015          1.348985         0.07156263
         15.09185          1.449730         0.06787334
         15.18354          1.615263         0.07188182
         15.27523          1.508907         0.08114173
         15.36693          1.635275         0.06766646
         15.45862          2.848020         0.06907772
         15.55031          7.148471         0.07127544
         15.64200          5.863289         0.06715722
         15.73370          2.269210         0.06955680
         15.82539          1.783554         0.06667376
         15.91708          1.799761         0.07634684
         16.00878          1.850615         0.08532382
         16.10047          1.911510         0.08162123
         16.19216          1.974078         0.09442645
         16.28386          2.148539          0.1007101
         16.37555          2.666854         0.09325094
         16.46724          2.989867         0.09171351
         16.55893          2.591407         0.08317658
         16.65063          2.435206         0.08219180
         16.74232          2.363076         0.08749460
         16.83401          2.364620         0.08569138
         16.92570          2.391183         0.07888572
         17.01740          3.077613         0.08159234
         17.10909          2.848203         0.07189192
         17.20078          2.628816         0.07560251
         17.29248          2.762309         0.07544701
         17.38417          2.776211         0.08827949
         17.47586          2.660896         0.07827207
         17.56756          2.473721         0.07772055
         17.65925          2.491083         0.07834645
         17.75094          2.556067         0.07603371
         17.84263          2.579681         0.09049407
         17.93433          2.551839          0.1326418
         18.02602          2.393922          0.2564659
         18.11771          2.322411          0.2876779
         18.20941          2.366747         0.09199554
         18.30110          2.198214         0.09073930
         18.39279          2.300361          0.1069833
         18.48449          2.210000         0.09409582
         18.57618          2.966463          0.1036700
         18.66787          8.909049         0.09896263
         18.75956          12.07061          0.1104498
         18.85126          4.879743          0.1255893
         18.94295          2.725407          0.1116669
         19.03464          2.891731          0.1127385
         19.12634          2.744463          0.1194474
         19.21803          2.462089          0.1296262
         19.30972          2.562933          0.1478879
         19.40141          2.674196          0.1347320
         19.49311          2.333884          0.1356508
         19.58480          2.662324          0.1410452
         19.67649          2.602355          0.1484212
         19.76819          2.709471          0.1489231
         19.85988          2.778589          0.2752825
         19.95157          2.996390          0.1546781
         20.04326          2.571348          0.1488652
         20.13496          2.621112          0.1465170
         20.22665          2.738078          0.1424870
         20.31834          2.747665          0.1445034
         20.41004          2.709570          0.1727592
         20.50173          2.874294          0.2023230
         20.59342          3.016223          0.2019164
         20.68512          2.914946          0.2041911
         20.77681          2.795341          0.1980405
         20.86850          3.223042          0.1877495
         20.96019          2.789908          0.2304726
         21.05189          2.512496          0.2062292
