\DATE= 'Sat Feb 16 23:41:59 2008'
\APERNAME= 'SL2'
\BUNIT= 'e/s/pix'
\CAL_SET= 'irs_2007_02_12-pb-pfc-trim-omeg-lhbiasfork.cal'
\SOFTWARE= 'CUBISM'
\SOFT_VER= 'v1.50pre3 (March-2007)'
\FILENAME= 'sl2.tbl'
\ COMMENT This file contains a spectral extraction created from
\ COMMENT an IRS spectral mapping dataset.
\ Extraction Rectangle:
\ # Box: 11:52:48.407,+44:07:13.57 ; 11:52:49.506,+44:07:04.69
\ #      11:52:50.537,+44:07:19.49 ; 11:52:49.437,+44:07:28.37
|   WAVELENGTH    |      FLUX       | FLUX_UNCERTAINTY |
|      real       |      real       |       real       |
|       um        |     e/s/pix     |     e/s/pix      |
         5.242817          2.525085          0.6340759
         5.273802          3.985365          0.6530011
         5.304788          2.999263          0.5859284
         5.335773          1.412815          0.5894569
         5.366758          3.230094          0.5430771
         5.397744          1.187024          0.5042444
         5.428729          3.152966          0.5441764
         5.459714          1.220423          0.3876545
         5.490700         0.6016845          0.4202600
         5.521685          2.582935          0.3787478
         5.552670          1.272016          0.3977671
         5.583656         0.6979110          0.4442440
         5.614641          2.083272          0.3756286
         5.645627          1.869864          0.3769876
         5.676612          1.808883          0.4151875
         5.707598          3.365789          0.4018218
         5.738583          3.063810          0.4563669
         5.769568          3.005595          0.4854394
         5.800553          2.992242          0.4848322
         5.831539          3.271073          0.5146955
         5.862525          2.666337          0.4908449
         5.893510          2.851995          0.5578047
         5.924495          3.408283          0.5548870
         5.955481          2.496493          0.4820595
         5.986466          2.749163          0.5152751
         6.017451          1.881444          0.5186148
         6.048437          3.990392          0.4972351
         6.079422          1.946208          0.4579902
         6.110407          2.926678          0.3851935
         6.141393          2.516513          0.3879594
         6.172378          2.639818          0.3928794
         6.203363          4.478250          0.3961217
         6.234349          6.230599          0.3807684
         6.265334          6.017478          0.3905359
         6.296319          4.910567          0.4012751
         6.327305          4.589468          0.4883851
         6.358290          4.813526          0.4574188
         6.389276          3.558378          0.3960855
         6.420261          3.302458          0.4162906
         6.451246          3.450518          0.4236989
         6.482232          3.964923          0.4215348
         6.513217          3.301179          0.4373039
         6.544202          3.204154          0.5538908
         6.575188          3.808696          0.5790596
         6.606173          2.277388          0.5808362
         6.637158          4.239975          0.5825882
         6.668144          3.466244          0.5857498
         6.699129          4.577935          0.5040931
         6.730114          2.909415          0.5328727
         6.761100          2.627419          0.5520636
         6.792085          3.541752          0.5068239
         6.823071          3.765566          0.5102003
         6.854056          3.476152          0.5265406
         6.885041          2.397691          0.5053213
         6.916027          3.458705          0.4728456
         6.947012          2.763051          0.4795362
         6.977998          3.071754          0.5253060
         7.008983          3.177360          0.5101382
         7.039968          2.365454          0.5339186
         7.070954          3.187953          0.5460902
         7.101939          4.387959          0.5715876
         7.132924          4.040121          0.5315754
         7.163910          4.720405          0.6075645
         7.194895          4.257791          0.6232501
         7.225881          4.601055           1.131902
         7.256866          5.244449          0.6759631
         7.287851          4.226213          0.8892854
         7.318837          1.441078          0.7774307
         7.349822          2.006099          0.8080828
         7.380807          3.108554          0.7729162
         7.411793          4.515708          0.7343607
         7.442778          6.164976          0.8055381
         7.473763          5.685745          0.7538321
         7.504749          7.721084          0.7374126
         7.535734          8.126734          0.7396969
         7.566720          5.128137          0.7708037
         7.597705          7.869241          0.8506377
