\DATE= 'Tue Feb 19 16:37:39 2008'
\APERNAME= 'SL1'
\BUNIT= 'e/s/pix'
\CAL_SET= 'irs_2007_02_12-pb-pfc-trim-omeg-lhbiasfork.cal'
\SOFTWARE= 'CUBISM'
\SOFT_VER= 'v1.50pre3 (March-2007)'
\FILENAME= 'sl1.tbl'
\ COMMENT This file contains a spectral extraction created from
\ COMMENT an IRS spectral mapping dataset.
\ Extraction Rectangle:
\ # Box: 09:22:01.462,+50:58:34.00 ; 09:22:02.682,+50:58:24.71
\ #      09:22:03.665,+50:58:36.24 ; 09:22:02.445,+50:58:45.52
|   WAVELENGTH    |      FLUX       | FLUX_UNCERTAINTY |
|      real       |      real       |       real       |
|       um        |     e/s/pix     |     e/s/pix      |
         7.533706          9.671576          0.7301649
         7.595799          8.576086          0.6653716
         7.657894          8.923781          0.6808425
         7.719988          6.975677          0.6688505
         7.782082          10.18391          0.5237839
         7.844176          7.563775          0.5132075
         7.906271          8.978932          0.6469604
         7.968365          7.831198          0.5091752
         8.030458          6.354084          0.5946042
         8.092554          6.525292          0.5442936
         8.154648          7.509619          0.5375813
         8.216742          7.146462          0.5768880
         8.278836          8.547869          0.6119881
         8.340930          6.616096          0.4797701
         8.403025          8.405344          0.4966990
         8.465118          5.341736          0.5884279
         8.527213          6.228477          0.4780233
         8.589307          7.629400          0.4567214
         8.651402          7.877483          0.4753248
         8.713495          7.706129          0.4594962
         8.775590          6.829493          0.3879305
         8.837685          6.332650          0.3597706
         8.899778          8.012017          0.3578042
         8.961872          7.397452          0.3684818
         9.023967          7.316239          0.3775441
         9.086061          5.623389          0.3680989
         9.148155          5.681664          0.3522688
         9.210249          6.941419          0.3667157
         9.272344          6.366457          0.3341371
         9.334438          5.558206          0.3922831
         9.396532          6.763852          0.3164382
         9.458626          6.692628          0.3690193
         9.520720          6.273211          0.3915575
         9.582815          6.982323          0.4001524
         9.644909          7.284058          0.3690270
         9.707003          7.807174          0.4542685
         9.769097          7.005013          0.3734952
         9.831192          6.713912          0.3303943
         9.893286          7.129230          0.3716061
         9.955380          6.920932          0.4076480
         10.01747          7.024167          0.4191547
         10.07957          6.400912          0.3420162
         10.14166          6.268289          0.3429897
         10.20376          6.931446          0.3349148
         10.26585          6.488438          0.3151661
         10.32795          6.701957          0.2989356
         10.39004          6.887251          0.3148427
         10.45213          7.313802          0.2934670
         10.51423          6.892922          0.2984399
         10.57632          7.120099          0.3033032
         10.63842          6.436230          0.3039866
         10.70051          6.471255          0.3071552
         10.76260          6.721192          0.3143224
         10.82470          6.000332          0.2894150
         10.88679          5.511843          0.3267258
         10.94889          6.017477          0.3043759
         11.01098          7.321917          0.3329346
         11.07308          7.725778          0.3689596
         11.13517          7.555065          0.4104657
         11.19726          9.871007          0.3981180
         11.25936          11.06545          0.3954242
         11.32145          10.12992          0.4518563
         11.38355          9.441837          0.3940313
         11.44564          7.841780          0.4790273
         11.50774          7.024843          0.3884133
         11.56983          7.555753          0.4027927
         11.63192          6.212625          0.4106413
         11.69402          7.096140          0.3822684
         11.75611          6.483475          0.3431777
         11.81821          5.813840          0.3836788
         11.88030          6.370909          0.3273963
         11.94240          7.298059          0.3148619
         12.00449          6.271763          0.3312274
         12.06658          6.179990          0.3257038
         12.12868          5.110841          0.3660395
         12.19077          5.726224          0.3228780
         12.25287          6.604167          0.3662217
         12.31496          6.393697          0.3432129
         12.37705          6.470740          0.3375257
         12.43915          6.465833          0.4178272
         12.50124          5.806503          0.4096560
         12.56334          6.489124          0.3686549
         12.62543          6.479137          0.3753024
         12.68753          6.894635          0.3986693
         12.74962          6.914304          0.4031501
         12.81171          9.642028          0.4080755
         12.87381          9.247699          0.4031775
         12.93590          7.230180          0.3994156
         12.99800          6.139339          0.3847362
         13.06009          5.855375          0.3999991
         13.12218          5.635075          0.4156766
         13.18428          5.447415          0.3786411
         13.24637          5.742477          0.3928416
         13.30847          5.271561          0.3675184
         13.37056          5.617207          0.3645535
         13.43266          5.012491          0.3567144
         13.49475          4.953157          0.3547903
         13.55684          5.650213          0.3282416
         13.61894          5.247892          0.3540713
         13.68103          5.344308          0.3422769
         13.74313          4.873255          0.3724787
         13.80522          4.416681          0.4014127
         13.86732          3.758459          0.4279740
         13.92941          4.625710          0.4422314
         13.99150          4.707500          0.4420109
         14.05360          5.272593          0.4721934
         14.11569          5.056659          0.4949747
         14.17779          4.174960          0.5429370
         14.23988          4.278860          0.5194183
         14.30198          5.276212          0.6196585
         14.36407          4.542105          0.4967855
         14.42616          5.463370          0.5824686
         14.48826          4.860251          0.5079272
         14.55035          3.684046          0.4355990
         14.61245          4.251171          0.4210275
         14.67454          3.770972          0.4677455
         14.73664          4.035631          0.4010762
