\DATE= 'Tue Feb 19 16:38:22 2008'
\APERNAME= 'SL2'
\BUNIT= 'e/s/pix'
\CAL_SET= 'irs_2007_02_12-pb-pfc-trim-omeg-lhbiasfork.cal'
\SOFTWARE= 'CUBISM'
\SOFT_VER= 'v1.50pre3 (March-2007)'
\FILENAME= 'sl2.tbl'
\ COMMENT This file contains a spectral extraction created from
\ COMMENT an IRS spectral mapping dataset.
\ Extraction Rectangle:
\ # Box: 09:22:01.979,+50:58:34.20 ; 09:22:02.741,+50:58:28.40
\ #      09:22:03.479,+50:58:37.04 ; 09:22:02.716,+50:58:42.85
|   WAVELENGTH    |      FLUX       | FLUX_UNCERTAINTY |
|      real       |      real       |       real       |
|       um        |     e/s/pix     |     e/s/pix      |
         5.242817          15.77649           1.814823
         5.273802          16.46189           1.728032
         5.304788          18.30675           1.569398
         5.335773          22.55516           1.487872
         5.366758          18.59008           1.121255
         5.397744          16.74152           1.141765
         5.428729          20.82475           1.207932
         5.459714          15.46798           1.264878
         5.490700          15.43975           1.102317
         5.521685          18.83721           1.181992
         5.552670          16.41781          0.9377143
         5.583656          16.25793           1.059704
         5.614641          19.22249           1.076749
         5.645627          19.50028           1.028316
         5.676612          19.42946           1.172569
         5.707598          18.36493          0.9789160
         5.738583          17.00081           1.028726
         5.769568          16.62476           1.111231
         5.800553          16.19033           1.068943
         5.831539          17.17144           1.299885
         5.862525          16.05972           1.164856
         5.893510          16.18139           1.368558
         5.924495          16.09790           1.311671
         5.955481          18.26071           1.063262
         5.986466          18.77167           1.324549
         6.017451          14.79440           1.187062
         6.048437          15.84723           1.296620
         6.079422          16.70429           1.114982
         6.110407          17.62161           1.008484
         6.141393          17.61719          0.9356668
         6.172378          17.68991          0.9932899
         6.203363          16.09786           1.046223
         6.234349          18.84165          0.9533036
         6.265334          17.23419          0.8909326
         6.296319          17.45362           1.032633
         6.327305          18.62098           1.065212
         6.358290          15.24189           1.172497
         6.389276          14.56125           1.073618
         6.420261          13.78735           1.015161
         6.451246          14.46652           1.051893
         6.482232          13.89732           1.011668
         6.513217          14.21248           1.212921
         6.544202          13.68212           1.431258
         6.575188          13.46368           1.670749
         6.606173          16.06898           1.562906
         6.637158          13.68309           1.448255
         6.668144          14.77212           1.508051
         6.699129          14.10740           1.159920
         6.730114          14.37810           1.831574
         6.761100          13.49596           1.153910
         6.792085          13.53824           1.280682
         6.823071          13.99108           1.174066
         6.854056          11.62027           1.132488
         6.885041          12.67915           1.219080
         6.916027          13.50230           1.231225
         6.947012          11.37050           1.407030
         6.977998          14.67714           1.303006
         7.008983          14.73880           1.425582
         7.039968          10.76273           1.401346
         7.070954          9.836984           1.598923
         7.101939          11.98338           1.518386
         7.132924          13.57474           1.317298
         7.163910          14.09242           1.581645
         7.194895          15.52639           1.484518
         7.225881          14.28642           1.637080
         7.256866          12.89816           1.864567
         7.287851          11.45253           2.044452
         7.318837          10.75367           2.110804
         7.349822          13.74511           2.183283
         7.380807          11.86993           1.916742
         7.411793          9.463889           1.800251
         7.442778          13.76200           1.852451
         7.473763          16.46338           1.917119
         7.504749          19.06215           2.160823
         7.535734          11.02475           1.811734
         7.566720          13.57362           1.871206
         7.597705          14.63330           2.141974
