\DATE= 'Thu Sep 27 19:21:27 2007'
\APERNAME= 'LL2'
\BUNIT= 'e/s/pix'
\CAL_SET= 'irs_2007_02_12-pb-pfc-trim-omeg-lhbiasfork.cal'
\SOFTWARE= 'CUBISM'
\SOFT_VER= 'v1.50pre3 (March-2007)'
\FILENAME= 'll2.tbl'
\ COMMENT This file contains a spectral extraction created from
\ COMMENT an IRS spectral mapping dataset.
\ Extraction Rectangle:
\ # Box: 11:05:44.562,-00:01:30.35 ; 11:05:43.723,-00:01:58.11
\ #      11:05:51.433,-00:02:50.59 ; 11:05:52.272,-00:02:22.83
|   WAVELENGTH    |      FLUX       | FLUX_UNCERTAINTY |
|      real       |      real       |       real       |
|       um        |     e/s/pix     |     e/s/pix      |
         14.26661          9.041199         0.06565467
         14.35830          8.762966         0.03360317
         14.45000          8.145389         0.03384328
         14.54169          7.606792         0.03556078
         14.63338          7.438169         0.03505688
         14.72508          7.297400         0.03559611
         14.81677          7.269158         0.03529976
         14.90846          7.175410         0.03285577
         15.00015          7.144039         0.03777183
         15.09185          7.027840         0.09521262
         15.18354          7.134158         0.03176377
         15.27523          7.317293         0.03417139
         15.36693          7.318562         0.03257236
         15.45862          7.549798         0.06859642
         15.55031          9.104123         0.03469006
         15.64200          9.399237         0.02979344
         15.73370          8.183331         0.02917595
         15.82539          8.019548         0.03157641
         15.91708          8.536402         0.05006213
         16.00878          8.791614          0.1185388
         16.10047          8.945920          0.1024610
         16.19216          9.034000         0.03875981
         16.28386          9.987669         0.04273631
         16.37555          12.35317         0.09014565
         16.46724          15.05914         0.04067586
         16.55893          14.65829         0.03725350
         16.65063          13.22362         0.03549770
         16.74232          13.33027         0.05140431
         16.83401          13.76740          0.1157169
         16.92570          14.18175          0.1166277
         17.01740          16.49936         0.03571992
         17.10909          17.48204         0.03826164
         17.20078          15.43220         0.03493082
         17.29248          14.80938         0.04913895
         17.38417          15.11901         0.09082365
         17.47586          14.07961         0.03803412
         17.56756          12.13354         0.03654511
         17.65925          10.98514         0.03645891
         17.75094          10.86565         0.03754391
         17.84263          10.59783         0.04005409
         17.93433          10.18926         0.04521426
         18.02602          9.404387         0.04199772
         18.11771          9.069168         0.04178931
         18.20941          8.920526         0.04358407
         18.30110          8.890467         0.04301216
         18.39279          9.023453         0.04689167
         18.48449          9.029426         0.04627161
         18.57618          9.361347         0.04664236
         18.66787          11.20977         0.04674033
         18.75956          13.74050         0.04942837
         18.85126          11.42543         0.04717135
         18.94295          9.689923         0.04749473
         19.03464          9.424162         0.04857232
         19.12634          9.370286         0.05089725
         19.21803          9.039529         0.05419603
         19.30972          9.070324         0.05521980
         19.40141          8.783845         0.06549980
         19.49311          8.861035         0.05849874
         19.58480          8.840787         0.05850504
         19.67649          9.021753         0.05840286
         19.76819          8.768867         0.06277946
         19.85988          8.857594         0.06977635
         19.95157          8.692430         0.05849646
         20.04326          8.620008         0.05893019
         20.13496          8.975412         0.06113099
         20.22665          8.854626         0.06239963
         20.31834          8.661750         0.06579174
         20.41004          8.804306         0.07030894
         20.50173          8.929307         0.07349572
         20.59342          8.832173         0.07305261
         20.68512          8.781348         0.07599304
         20.77681          8.642751         0.07968336
         20.86850          8.803425         0.08128405
         20.96019          8.353869         0.08137441
         21.05189          8.153521         0.07931083
