\DATE= 'Mon Oct  1 13:45:30 2007'
\APERNAME= 'LL1'
\BUNIT= 'e/s/pix'
\CAL_SET= 'irs_2007_02_12-pb-pfc-trim-omeg-lhbiasfork.cal'
\SOFTWARE= 'CUBISM'
\SOFT_VER= 'v1.50pre3 (March-2007)'
\FILENAME= 'll1.tbl'
\ COMMENT This file contains a spectral extraction created from
\ COMMENT an IRS spectral mapping dataset.
\ Extraction Rectangle:
\ # Box: 12:50:27.290,+25:29:42.94 ; 12:50:28.435,+25:30:03.05
\ #      12:50:26.058,+25:30:27.87 ; 12:50:24.912,+25:30:07.75
|   WAVELENGTH    |      FLUX       | FLUX_UNCERTAINTY |
|      real       |      real       |       real       |
|       um        |     e/s/pix     |     e/s/pix      |
         20.52005          2.162600          0.1110869
         20.69658          2.354086         0.07869184
         20.87322          2.206019         0.06029885
         21.04995          2.301326         0.05447025
         21.22679          2.284658         0.06342217
         21.40373          2.305374         0.05960197
         21.58078          2.125996         0.04874047
         21.75792          2.046758         0.05601174
         21.93517          2.279460         0.05357234
         22.11252          2.107099         0.04363387
         22.28998          2.086552         0.04043564
         22.46754          1.912024         0.04525050
         22.64520          2.096773         0.04474735
         22.82297          2.130684         0.03892377
         23.00084          2.081497         0.03567593
         23.17881          2.179716         0.04055682
         23.35689          2.174571         0.04715998
         23.53507          2.163820         0.04503012
         23.71336          1.933850         0.03862082
         23.89176          1.916414         0.03451923
         24.07026          2.065234         0.03734060
         24.24886          2.000725         0.03751475
         24.42757          2.112241         0.03663858
         24.60638          2.042521         0.03413440
         24.78531          1.980406         0.03594452
         24.96433          1.883368         0.03724910
         25.14346          2.046345         0.03849198
         25.32270          1.939368         0.03799181
         25.50205          2.029890         0.03797957
         25.68150          1.974349         0.04011000
         25.86106          2.153114         0.04628072
         26.04073          2.601287         0.04369736
         26.22051          2.232882         0.04051777
         26.40039          1.888568         0.04320139
         26.58038          1.969790         0.03866645
         26.76048          1.891710         0.03919960
         26.94068          1.886700         0.04222764
         27.12100          1.943954          0.1613189
         27.30142          1.968947         0.05021625
         27.48195          1.950130         0.03615059
         27.66259          1.879462         0.03530907
         27.84334          1.955175         0.03896042
         28.02420          1.963674         0.04214574
         28.20517          2.166075         0.04675028
         28.38625          2.472548         0.04484474
         28.56744          1.884056         0.04091563
         28.74874          1.819519         0.03734266
         28.93015          1.803130         0.09846213
         29.11167          1.881139         0.05140711
         29.29330          1.894074         0.05475418
         29.47504          1.883235         0.05426951
         29.65689          1.835819         0.08426701
         29.83886          1.913923         0.04926797
         30.02094          2.005831         0.04522545
         30.20312          1.913212         0.04440678
         30.38542          1.914868         0.05863069
         30.56783          1.789936         0.05359501
         30.75036          1.862096         0.05826339
         30.93299          1.895669         0.05899977
         31.11574          1.838683         0.05691847
         31.29861          1.906856         0.06076022
         31.48158          1.945096         0.05916950
         31.66467          2.087850         0.07575276
         31.84788          1.956092         0.06971225
         32.03119          1.881661         0.07440673
         32.21462          1.983916         0.07998773
         32.39817          1.911976         0.08325856
         32.58183          1.924368         0.08981396
         32.76560          1.886170         0.08454078
         32.94949          2.016361         0.08707489
         33.13350          2.326598         0.08776316
         33.31762          2.148438          0.1023201
         33.50185          2.790864          0.1012792
         33.68620          3.077192          0.1110050
         33.87067          2.479923          0.1347357
         34.05526          1.965294          0.1337676
         34.23996          2.259742          0.1758350
         34.42477          1.794721          0.1460672
         34.60971          2.043304          0.3556353
         34.79476          2.977266          0.1594528
         34.97993          4.660284          0.1659546
         35.16521          3.533791          0.1730565
         35.35062          2.252510          0.1684152
         35.53614          2.369963          0.1939935
         35.72178          2.580111          0.2228867
         35.90754          2.372431          0.2459266
         36.09341          2.973491          0.2806650
         36.27941          2.967201          0.2995442
         36.46552          2.707620          0.3461972
         36.65176          2.235513          0.3186139
         36.83811          1.893458          0.3437082
         37.02459          1.759145          0.3222748
         37.21118          1.304750          0.4037196
         37.39790          2.105859          0.4730102
         37.58473          2.339039          0.4755593
         37.77169          1.520372          0.5738952
         37.95876          2.568721          0.6642763
         38.14596          2.634095          0.9011324
         38.33328          2.768822          0.5873097
