\DATE= 'Tue Oct  2 20:50:42 2007'
\APERNAME= 'LL1'
\BUNIT= 'e/s/pix'
\CAL_SET= 'irs_2007_02_12-pb-pfc-trim-omeg-lhbiasfork.cal'
\SOFTWARE= 'CUBISM'
\SOFT_VER= 'v1.50pre3 (March-2007)'
\FILENAME= 'll1.tbl'
\ COMMENT This file contains a spectral extraction created from
\ COMMENT an IRS spectral mapping dataset.
\ Extraction Rectangle:
\ # Box: 13:15:51.770,+42:01:17.74 ; 13:15:52.889,+42:01:39.86
\ #      13:15:49.314,+42:02:02.30 ; 13:15:48.195,+42:01:40.17
|   WAVELENGTH    |      FLUX       | FLUX_UNCERTAINTY |
|      real       |      real       |       real       |
|       um        |     e/s/pix     |     e/s/pix      |
         20.52005          12.27187         0.07834836
         20.69658          13.00013         0.07095648
         20.87322          12.79412         0.05742751
         21.04995          12.46559         0.05006969
         21.22679          13.24998         0.05786870
         21.40373          13.19454         0.05593996
         21.58078          12.63196         0.04663579
         21.75792          13.37114         0.05229279
         21.93517          13.89123         0.06544480
         22.11252          13.53062         0.04556577
         22.28998          13.50204         0.04278938
         22.46754          13.96879         0.04798322
         22.64520          14.60404         0.04843797
         22.82297          14.42877         0.04023681
         23.00084          14.32934         0.03720756
         23.17881          14.77333         0.03831676
         23.35689          15.31811         0.04074450
         23.53507          15.76571         0.04131603
         23.71336          15.73981         0.03526225
         23.89176          16.02187          0.2116696
         24.07026          16.38079          0.2291328
         24.24886          16.34546         0.03627528
         24.42757          16.30157         0.03635524
         24.60638          16.14642         0.03731525
         24.78531          16.44449         0.03483705
         24.96433          16.76328         0.03851641
         25.14346          17.38800         0.04012986
         25.32270          17.41431         0.04063062
         25.50205          17.55243         0.03837525
         25.68150          18.47609         0.04189941
         25.86106          20.04499         0.04292964
         26.04073          20.52858         0.04225849
         26.22051          19.06965         0.04380763
         26.40039          18.31644         0.03917518
         26.58038          18.35986         0.04002566
         26.76048          18.76925         0.04027642
         26.94068          18.70472         0.04327273
         27.12100          19.10963         0.04622187
         27.30142          19.34540         0.04300256
         27.48195          19.34143         0.04386975
         27.66259          19.26685         0.04158890
         27.84334          19.67176         0.04648082
         28.02420          20.48306         0.04627371
         28.20517          22.33681         0.05077367
         28.38625          22.41226         0.05071646
         28.56744          21.03948         0.05043370
         28.74874          20.89082         0.04658027
         28.93015          21.09064         0.04955483
         29.11167          21.48407         0.05848878
         29.29330          21.94823         0.05734177
         29.47504          22.27170         0.05846297
         29.65689          22.63123         0.07855361
         29.83886          22.73966         0.05326532
         30.02094          23.16497         0.05192114
         30.20312          23.59588         0.05043244
         30.38542          24.32827         0.06175295
         30.56783          24.28089         0.05635322
         30.75036          24.72796         0.05916095
         30.93299          25.54250         0.06143137
         31.11574          25.83578         0.06054481
         31.29861          26.16141         0.06505319
         31.48158          26.15350         0.06417172
         31.66467          27.66364         0.07798191
         31.84788          27.90069         0.07623408
         32.03119          28.27628         0.07393083
         32.21462          28.88059         0.07923506
         32.39817          30.36760         0.08868582
         32.58183          30.20163         0.09335495
         32.76560          31.27245         0.09134289
         32.94949          31.63842         0.09195573
         33.13350          32.02885         0.09568450
         33.31762          35.11424          0.1074138
         33.50185          44.56529          0.1126372
         33.68620          43.01592          0.1252298
         33.87067          35.95913          0.1413353
         34.05526          35.16061          0.1546658
         34.23996          34.81981          0.1494457
         34.42477          34.27555          0.1591941
         34.60971          37.71594          0.2974635
         34.79476          58.43047          0.1903193
         34.97993          70.13811          0.2011236
         35.16521          46.38599          0.1964743
         35.35062          37.83757          0.1948342
         35.53614          36.54418          0.2156174
         35.72178          38.51198          0.2278996
         35.90754          38.26297          0.2462559
         36.09341          38.39274          0.2705321
         36.27941          39.76393          0.2694525
         36.46552          40.86375          0.3398121
         36.65176          42.21824          0.3270768
         36.83811          43.33112          0.3224755
         37.02459          41.35064          0.3241781
         37.21118          42.05421          0.3898853
         37.39790          40.38355          0.3778885
         37.58473          41.80473          0.4747470
         37.77169          50.07374          0.6564805
         37.95876          45.51654          0.6589621
         38.14596          51.43775          0.7418180
         38.33328          41.01756          0.5925238
