\DATE= 'Tue Sep 25 20:51:06 2007'
\APERNAME= 'LL1'
\BUNIT= 'e/s/pix'
\CAL_SET= 'irs_2007_02_12-pb-pfc-trim-omeg-lhbiasfork.cal'
\SOFTWARE= 'CUBISM'
\SOFT_VER= 'v1.50pre3 (March-2007)'
\FILENAME= 'll1.tbl'
\ COMMENT This file contains a spectral extraction created from
\ COMMENT an IRS spectral mapping dataset.
\ Extraction Rectangle:
\ # Box: 09:47:15.854,+67:54:37.63 ; 09:47:18.687,+67:54:57.37
\ #      09:47:14.484,+67:55:16.54 ; 09:47:11.652,+67:54:56.79
|   WAVELENGTH    |      FLUX       | FLUX_UNCERTAINTY |
|      real       |      real       |       real       |
|       um        |     e/s/pix     |     e/s/pix      |
         20.52005          4.149728          0.3090452
         20.69658          4.432443         0.08433873
         20.87322          4.316404         0.06747065
         21.04995          4.266487         0.06021976
         21.22679          4.434174         0.06437778
         21.40373          4.565116         0.06470370
         21.58078          4.497348         0.05512860
         21.75792          4.614021         0.06199731
         21.93517          4.747941         0.06186790
         22.11252          4.682595         0.05059254
         22.28998          4.657454         0.04710674
         22.46754          4.969321         0.05233505
         22.64520          5.088856         0.05393536
         22.82297          5.278755         0.04701681
         23.00084          5.157287         0.04108724
         23.17881          5.316171         0.04841572
         23.35689          5.484314         0.05291649
         23.53507          5.646969         0.04566306
         23.71336          5.619744         0.04058801
         23.89176          5.572565         0.03708575
         24.07026          5.631596         0.03873214
         24.24886          5.716944         0.03925392
         24.42757          5.857334         0.03944773
         24.60638          5.795133         0.03681213
         24.78531          5.757872         0.04136476
         24.96433          5.836390         0.04561380
         25.14346          6.120500         0.04323255
         25.32270          5.992611         0.04529145
         25.50205          6.015413         0.03868986
         25.68150          6.380915         0.04496725
         25.86106          6.757078         0.04571112
         26.04073          6.799139         0.04705653
         26.22051          6.459400         0.04405312
         26.40039          6.401960         0.03788595
         26.58038          6.554646         0.04155151
         26.76048          6.609793         0.04427694
         26.94068          6.572669         0.04670750
         27.12100          6.604136         0.05100970
         27.30142          6.740554         0.04346292
         27.48195          6.887753         0.04278629
         27.66259          6.875713         0.04226841
         27.84334          7.013379         0.04399727
         28.02420          7.416918         0.04930541
         28.20517          7.967199         0.05503091
         28.38625          7.553916         0.05473867
         28.56744          7.301797         0.04972193
         28.74874          7.371616         0.04504008
         28.93015          7.538025         0.04778621
         29.11167          7.591608         0.07959168
         29.29330          7.706304         0.06138884
         29.47504          7.932024         0.07164183
         29.65689          7.926994         0.05678579
         29.83886          8.027199         0.05827125
         30.02094          7.919231         0.05648129
         30.20312          8.039962         0.05666409
         30.38542          8.381426         0.06070585
         30.56783          8.542199         0.05798471
         30.75036          8.864199         0.06873674
         30.93299          8.777668         0.07440951
         31.11574          8.889308         0.07468328
         31.29861          8.776633         0.07962897
         31.48158          8.940238         0.08010399
         31.66467          9.040647         0.07410714
         31.84788          9.407517         0.08475139
         32.03119          9.446012         0.09277132
         32.21462          9.839036         0.09795865
         32.39817          10.02624          0.1172369
         32.58183          9.853360          0.1109801
         32.76560          10.21183          0.1002076
         32.94949          10.48540          0.2297838
         33.13350          11.26860          0.1309756
         33.31762          15.07322          0.1172006
         33.50185          21.63902          0.1376739
         33.68620          15.66969          0.1570520
         33.87067          11.11803          0.1554756
         34.05526          10.96067          0.1664137
         34.23996          11.25667          0.1801059
         34.42477          11.28184          0.1807786
         34.60971          13.95232          0.3122723
         34.79476          20.60868          0.1866392
         34.97993          18.89777          0.1893311
         35.16521          12.51907          0.2184157
         35.35062          12.21908          0.2136679
         35.53614          12.11538          0.2376515
         35.72178          11.89061          0.2527433
         35.90754          12.31104          0.3922206
         36.09341          12.08509          0.2836909
         36.27941          12.42704          0.3218016
         36.46552          13.32999          0.3654395
         36.65176          12.60691          0.3611578
         36.83811          13.72201          0.3736648
         37.02459          12.07368          0.4276105
         37.21118          13.77323          0.4418067
         37.39790          13.65434          0.4088692
         37.58473          13.80671          0.5082228
         37.77169          13.36036          0.6804530
         37.95876          15.85058          0.7628058
         38.14596          17.41372          0.9663251
         38.33328          14.74772          0.9413720
