\DATE= 'Wed Sep 26 20:47:33 2007'
\APERNAME= 'LL2'
\BUNIT= 'e/s/pix'
\CAL_SET= 'irs_2007_02_12-pb-pfc-trim-omeg-lhbiasfork.cal'
\SOFTWARE= 'CUBISM'
\SOFT_VER= 'v1.50pre3 (March-2007)'
\FILENAME= 'll2.tbl'
\ COMMENT This file contains a spectral extraction created from
\ COMMENT an IRS spectral mapping dataset.
\ Extraction Rectangle:
\ # Box: 10:18:17.196,+41:25:04.90 ; 10:18:18.951,+41:25:28.13
\ #      10:18:16.542,+41:25:51.16 ; 10:18:14.787,+41:25:27.93
|   WAVELENGTH    |      FLUX       | FLUX_UNCERTAINTY |
|      real       |      real       |       real       |
|       um        |     e/s/pix     |     e/s/pix      |
         14.26661          1.704941         0.05356035
         14.35830          1.686062         0.05079877
         14.45000          1.656650         0.04936632
         14.54169          1.579595         0.05329787
         14.63338          1.569929         0.04974430
         14.72508          1.655397         0.05147187
         14.81677          1.588652         0.05086651
         14.90846          1.628831         0.04974421
         15.00015          1.527195         0.04487147
         15.09185          1.590957         0.04415832
         15.18354          1.599790         0.04437653
         15.27523          1.685805         0.04590596
         15.36693          1.728687         0.04533603
         15.45862          1.798105         0.04151597
         15.55031          2.063261         0.03914440
         15.64200          2.151766         0.03966193
         15.73370          1.797451         0.03803507
         15.82539          1.760865         0.04242378
         15.91708          1.872409         0.04759436
         16.00878          2.024503         0.05329991
         16.10047          1.925656         0.05205331
         16.19216          2.034560         0.05614487
         16.28386          2.348541         0.05600970
         16.37555          2.621817         0.05865990
         16.46724          3.066461         0.05357602
         16.55893          3.131335         0.05142790
         16.65063          2.988078         0.05024370
         16.74232          2.979937         0.05401902
         16.83401          3.210772         0.05476787
         16.92570          3.159750         0.05418580
         17.01740          4.059310         0.05305326
         17.10909          4.257808         0.05013157
         17.20078          3.523508         0.05116335
         17.29248          3.425413         0.05499245
         17.38417          3.367328         0.05421553
         17.47586          3.295905         0.05668145
         17.56756          2.980110         0.06353594
         17.65925          2.838839         0.06078925
         17.75094          2.704473         0.06102401
         17.84263          2.716146         0.06647980
         17.93433          2.720849         0.07183614
         18.02602          2.740135         0.06701010
         18.11771          2.407354         0.06714020
         18.20941          2.423069         0.06587113
         18.30110          2.616576         0.07114597
         18.39279          2.635841         0.06817007
         18.48449          2.670817         0.06867506
         18.57618          2.694766         0.06812160
         18.66787          3.108976         0.06897979
         18.75956          4.513923          0.1237312
         18.85126          3.462862         0.07621930
         18.94295          2.907988         0.07013763
         19.03464          2.731135         0.07660745
         19.12634          2.901723         0.08504713
         19.21803          2.971837         0.09430850
         19.30972          2.917948          0.1538723
         19.40141          2.729821          0.2513894
         19.49311          2.779071         0.09451079
         19.58480          2.783132         0.09193010
         19.67649          2.635662         0.09619199
         19.76819          2.559288         0.09698259
         19.85988          2.892747          0.1664243
         19.95157          2.667008          0.1014540
         20.04326          2.750059          0.1107865
         20.13496          2.739631          0.1302981
         20.22665          2.795935          0.1248770
         20.31834          2.751482          0.1046946
         20.41004          2.749210          0.1157161
         20.50173          2.961851          0.2067086
         20.59342          2.944005          0.1344467
         20.68512          2.786198          0.1366672
         20.77681          2.602216          0.1416302
         20.86850          2.722397          0.1361809
         20.96019          3.002599          0.1383798
         21.05189          2.499794          0.1335363
